6594 1.000 0.382
5247 1.000 0.127
1089 3.000 0.032
9819 1.000 0.294
9867 2.000 0.191
8373 2.000 0.140
2270 9.000 0.012
8899 1.000 0.194
9440 1.000 0.270
9654 4.000 0.057
2270 5.000 0.032
3837 9.000 0.041
817 2.000 0.119
699 3.000 0.048
2045 3.000 0.031
8732 5.000 0.084
4114 6.000 0.077
704 7.000 0.055
7414 3.000 0.125
2415 1.000 0.470
4775 3.000 0.011
3517 8.000 0.051
6998 1.000 0.300
6507 3.000 0.111
5876 2.000 0.091
8239 1.000 0.468
1928 2.000 0.030
798 4.000 0.006
3260 1.000 0.481
8321 2.000 0.038
5194 4.000 0.110
3228 4.000 0.066
9187 4.000 0.022
475 5.000 0.048
6179 1.000 0.269
3124 1.000 0.041
3623 1.000 0.236
6976 6.000 0.062
2047 1.000 0.153
273 3.000 0.154
7134 5.000 0.046
6041 4.000 0.030
5371 5.000 0.053
9885 2.000 0.096
7860 1.000 0.132
338 3.000 0.160
9420 1.000 0.096
6283 1.000 0.211
3641 2.000 0.194
5131 5.000 0.098
8683 1.000 0.308
2875 1.000 0.047
4987 1.000 0.046
4387 3.000 0.039
9338 7.000 0.055
1056 2.000 0.234
3213 1.000 0.338
408 2.000 0.084
2811 3.000 0.037
7318 1.000 0.204
8845 2.000 0.096
1963 8.000 0.050
8066 1.000 0.046
4632 1.000 0.176
6733 4.000 0.063
1492 3.000 0.107
6349 1.000 0.025
7143 1.000 0.038
9631 2.000 0.045
2771 5.000 0.034
9821 6.000 0.027
8279 2.000 0.090
8497 5.000 0.061
4289 1.000 0.329
5524 4.000 0.070
2304 7.000 0.055
9991 6.000 0.068
4987 2.000 0.011
9631 7.000 0.015
5845 1.000 0.046
7064 4.000 0.006
6382 5.000 0.042
7252 1.000 0.040
192 3.000 0.156
2486 8.000 0.051
8869 5.000 0.057
4160 5.000 0.027
13 5.000 0.096
3904 2.000 0.032
9296 5.000 0.098
47 2.000 0.029
369 5.000 0.045
7309 7.000 0.060
1674 9.000 0.023
1356 1.000 0.085
1333 3.000 0.037
586 1.000 0.022
4199 4.000 0.007
1305 1.000 0.440
2991 1.000 0.401
2677 6.000 0.051
1556 2.000 0.103
9515 9.000 0.020
4087 1.000 0.371
4130 2.000 0.211
5414 4.000 0.063
9254 4.000 0.008
8809 1.000 0.071
5132 7.000 0.038
1392 3.000 0.108
144 1.000 0.141
6523 6.000 0.081
7926 1.000 0.388
2090 1.000 0.466
8154 9.000 0.020
6117 1.000 0.107
6873 4.000 0.005
6270 1.000 0.115
785 5.000 0.075
4906 9.000 0.019
8012 1.000 0.353
9280 2.000 0.232
1332 1.000 0.444
1198 2.000 0.200
2753 2.000 0.068
6795 1.000 0.392
9402 8.000 0.001
1200 1.000 0.134
996 7.000 0.043
4129 6.000 0.013
4383 9.000 0.023
3226 9.000 0.044
439 4.000 0.049
4781 8.000 0.014
1632 3.000 0.053
524 2.000 0.107
8598 5.000 0.066
1965 3.000 0.019
4860 6.000 0.044
3265 2.000 0.200
4430 4.000 0.068
8401 9.000 0.038
2931 1.000 0.445
3946 3.000 0.015
7754 1.000 0.221
9054 1.000 0.319
8075 1.000 0.167
7135 2.000 0.002
2620 1.000 0.078
2878 1.000 0.242
539 1.000 0.432
834 3.000 0.031
3689 9.000 0.053
946 3.000 0.088
6567 2.000 0.022
631 2.000 0.097
3920 1.000 0.435
2326 5.000 0.026
817 4.000 0.045
4325 1.000 0.212
6691 3.000 0.157
2360 1.000 0.254
6903 8.000 0.014
823 7.000 0.036
3541 4.000 0.081
4258 2.000 0.250
761 7.000 0.054
3095 4.000 0.037
8422 3.000 0.056
2014 2.000 0.004
6392 8.000 0.026
5869 2.000 0.119
2542 8.000 0.038
7374 1.000 0.049
6893 2.000 0.023
980 1.000 0.283
2382 3.000 0.058
853 9.000 0.034
6879 2.000 0.007
1864 2.000 0.230
7534 5.000 0.029
1053 5.000 0.079
2424 1.000 0.343
7997 2.000 0.086
5965 6.000 0.059
5648 1.000 0.041
7987 9.000 0.030
3802 3.000 0.020
9544 1.000 0.345
6885 1.000 0.319
5764 9.000 0.022
9740 1.000 0.424
5003 1.000 0.175
6752 1.000 0.088
366 1.000 0.300
340 1.000 0.334
2585 5.000 0.023
4036 1.000 0.379
1647 9.000 0.009
5704 5.000 0.069
6497 1.000 0.187
6208 5.000 0.009
5568 1.000 0.291
6227 1.000 0.114
8043 1.000 0.287
9014 4.000 0.069
261 6.000 0.024
3945 4.000 0.125
5147 1.000 0.168
3122 2.000 0.034
856 4.000 0.024
2611 8.000 0.002
4383 1.000 0.033
3880 4.000 0.100
7475 7.000 0.044
6934 1.000 0.436
2301 1.000 0.010
9995 1.000 0.058
1742 9.000 0.039
4012 2.000 0.109
5556 6.000 0.022
8281 1.000 0.422
2607 4.000 0.100
8168 1.000 0.343
4984 1.000 0.343
1285 2.000 0.008
4021 3.000 0.118
6962 6.000 0.067
9311 1.000 0.178
1669 2.000 0.189
9938 2.000 0.159
8093 2.000 0.165
3654 3.000 0.056
5529 6.000 0.037
5329 4.000 0.040
4606 5.000 0.046
3328 5.000 0.036
2322 1.000 0.109
2178 1.000 0.166
7624 7.000 0.008
9188 1.000 0.201
6599 7.000 0.065
6974 4.000 0.114
3889 1.000 0.347
904 9.000 0.037
475 3.000 0.025
9223 1.000 0.392
8400 4.000 0.100
1109 1.000 0.445
7724 1.000 0.473
301 7.000 0.003
7183 3.000 0.062
523 1.000 0.428
8272 4.000 0.085
5111 1.000 0.454
7315 2.000 0.191
2366 1.000 0.447
2165 1.000 0.155
8519 3.000 0.029
9488 4.000 0.087
8529 5.000 0.092
6283 7.000 0.004
3410 5.000 0.075
8393 3.000 0.093
221 1.000 0.477
7810 1.000 0.032
4866 1.000 0.174
8544 9.000 0.044
4025 2.000 0.042
4617 8.000 0.017
5522 1.000 0.004
7356 1.000 0.079
6745 2.000 0.160
270 2.000 0.056
1622 1.000 0.295
9570 6.000 0.037
3500 1.000 0.187
5256 1.000 0.386
4842 1.000 0.184
5108 3.000 0.039
2481 1.000 0.495
2437 2.000 0.171
8115 8.000 0.001
8734 1.000 0.159
6349 7.000 0.020
6391 7.000 0.021
735 1.000 0.307
3760 8.000 0.013
2211 1.000 0.268
2083 1.000 0.472
1007 7.000 0.015
8261 5.000 0.023
928 2.000 0.206
579 1.000 0.165
5164 1.000 0.083
908 4.000 0.002
3995 4.000 0.017
1264 2.000 0.045
6321 6.000 0.023
5602 2.000 0.164
868 6.000 0.015
1905 3.000 0.041
9545 1.000 0.054
9397 6.000 0.036
4397 1.000 0.119
6012 2.000 0.204
6010 1.000 0.004
829 1.000 0.091
7975 1.000 0.492
9333 1.000 0.100
3626 1.000 0.327
6256 7.000 0.067
3644 9.000 0.018
3475 4.000 0.040
6602 2.000 0.178
6913 2.000 0.057
5829 4.000 0.013
2640 2.000 0.075
9494 2.000 0.148
2790 1.000 0.168
8701 1.000 0.112
9470 4.000 0.059
9536 6.000 0.041
7686 3.000 0.092
929 2.000 0.137
6220 1.000 0.434
5059 1.000 0.338
417 1.000 0.205
3565 1.000 0.461
8989 1.000 0.050
2754 1.000 0.455
8298 1.000 0.468
3771 4.000 0.120
4201 4.000 0.102
6895 7.000 0.056
5702 1.000 0.323
7385 1.000 0.487
8981 8.000 0.025
1243 1.000 0.121
365 1.000 0.114
9994 5.000 0.094
8191 3.000 0.163
9190 2.000 0.213
1816 1.000 0.381
652 1.000 0.119
8053 2.000 0.039
9739 4.000 0.118
2302 2.000 0.017
6081 1.000 0.370
9975 1.000 0.298
8392 3.000 0.043
4730 1.000 0.354
6487 3.000 0.009
3649 1.000 0.080
5188 1.000 0.096
7413 9.000 0.042
5087 9.000 0.051
6913 1.000 0.310
3538 1.000 0.120
2282 1.000 0.185
9200 1.000 0.336
8076 7.000 0.051
4944 2.000 0.015
4891 2.000 0.149
2103 4.000 0.064
8573 8.000 0.026
446 1.000 0.253
1950 1.000 0.131
3715 3.000 0.142
3235 1.000 0.267
9464 1.000 0.352
1433 1.000 0.434
6266 7.000 0.021
2416 1.000 0.236
9150 9.000 0.016
4571 3.000 0.074
149 7.000 0.022
9507 3.000 0.023
1390 1.000 0.425
7172 1.000 0.013
2358 2.000 0.047
525 1.000 0.020
7849 4.000 0.072
9196 1.000 0.249
5513 7.000 0.051
3669 5.000 0.061
7185 6.000 0.071
3251 1.000 0.235
9279 4.000 0.050
4452 2.000 0.161
6953 1.000 0.113
1874 2.000 0.084
3030 4.000 0.074
4825 1.000 0.315
4279 3.000 0.071
4354 3.000 0.032
1217 1.000 0.370
31 5.000 0.073
2279 2.000 0.167
8708 1.000 0.240
305 1.000 0.392
8548 2.000 0.038
201 4.000 0.080
9183 2.000 0.220
6175 8.000 0.012
9575 1.000 0.076
9989 1.000 0.022
7222 3.000 0.027
1753 8.000 0.051
6195 3.000 0.066
6797 3.000 0.124
3435 4.000 0.074
6669 1.000 0.439
3716 1.000 0.424
2891 7.000 0.007
7331 1.000 0.110
2811 1.000 0.073
8146 6.000 0.014
4476 5.000 0.099
2227 1.000 0.399
9586 3.000 0.095
1193 2.000 0.070
2382 1.000 0.363
5908 1.000 0.268
4969 1.000 0.263
2494 1.000 0.463
8646 7.000 0.049
7663 6.000 0.018
5545 1.000 0.049
7631 1.000 0.001
6733 1.000 0.044
7344 6.000 0.051
9843 1.000 0.173
1353 6.000 0.060
4788 2.000 0.147
8074 9.000 0.040
1366 3.000 0.063
3115 2.000 0.105
4134 2.000 0.036
7366 4.000 0.113
6924 5.000 0.049
296 9.000 0.054
8766 4.000 0.108
3171 1.000 0.391
4587 8.000 0.055
229 2.000 0.168
786 1.000 0.032
8971 5.000 0.076
8335 8.000 0.024
4491 7.000 0.069
8266 1.000 0.354
6362 4.000 0.075
5447 2.000 0.112
2044 4.000 0.096
4971 1.000 0.154
938 8.000 0.016
5066 9.000 0.031
2357 1.000 0.455
9725 1.000 0.017
7106 3.000 0.092
6123 1.000 0.427
6594 2.000 0.050
1069 6.000 0.027
2017 4.000 0.008
950 6.000 0.056
8279 2.000 0.026
3169 1.000 0.026
3894 8.000 0.007
6265 1.000 0.304
7015 3.000 0.004
8354 4.000 0.005
5066 3.000 0.065
7249 1.000 0.283
465 8.000 0.051
9835 1.000 0.445
4609 2.000 0.187
5037 1.000 0.391
4854 2.000 0.036
4803 1.000 0.157
3633 1.000 0.326
1120 7.000 0.008
503 1.000 0.397
7772 1.000 0.279
1087 2.000 0.122
4689 1.000 0.055
159 3.000 0.029
6278 3.000 0.004
5266 7.000 0.049
8415 4.000 0.111
4329 9.000 0.031
7398 5.000 0.025
4680 1.000 0.001
8782 4.000 0.018
4293 1.000 0.294
7344 4.000 0.007
5059 1.000 0.367
6070 1.000 0.234
310 4.000 0.099
9262 1.000 0.340
7176 5.000 0.062
8491 3.000 0.082
9416 3.000 0.054
5108 9.000 0.013
1986 1.000 0.237
7934 4.000 0.038
395 2.000 0.224
428 6.000 0.026
7263 1.000 0.149
920 2.000 0.232
6871 1.000 0.253
8815 1.000 0.282
8792 2.000 0.160
7347 3.000 0.116
8187 2.000 0.205
5308 8.000 0.014
5173 9.000 0.024
2741 3.000 0.020
2492 6.000 0.077
392 1.000 0.016
3875 3.000 0.062
8674 5.000 0.089
4054 6.000 0.027
4624 1.000 0.075
9654 1.000 0.204
2287 3.000 0.052
4820 1.000 0.437
460 8.000 0.024
1446 6.000 0.039
5248 3.000 0.037
1861 1.000 0.329
4023 2.000 0.044
8274 2.000 0.133
4257 6.000 0.073
5191 3.000 0.146
736 2.000 0.101
3643 7.000 0.067
6133 1.000 0.387
5535 1.000 0.477
3140 2.000 0.219
1476 2.000 0.051
3763 3.000 0.101
8682 2.000 0.100
1566 6.000 0.072
9842 7.000 0.062
6537 2.000 0.104
6185 6.000 0.035
1677 2.000 0.211
5993 2.000 0.112
2731 1.000 0.263
3874 1.000 0.027
4819 2.000 0.036
9264 1.000 0.210
9601 2.000 0.202
5303 7.000 0.017
3090 4.000 0.097
7276 4.000 0.004
4603 4.000 0.059
6054 9.000 0.035
272 1.000 0.125
6475 3.000 0.116
1322 3.000 0.070
9714 2.000 0.041
6129 5.000 0.090
9339 1.000 0.480
6071 4.000 0.051
5550 3.000 0.117
5525 1.000 0.463
8847 3.000 0.004
4463 7.000 0.064
2415 2.000 0.014
7926 3.000 0.082
1265 4.000 0.058
1945 1.000 0.488
1531 3.000 0.056
3546 1.000 0.062
6805 6.000 0.049
8414 1.000 0.369
1758 2.000 0.032
4585 1.000 0.199
1338 3.000 0.020
745 6.000 0.076
4548 1.000 0.337
667 1.000 0.242
8399 1.000 0.129
3185 5.000 0.045
9188 1.000 0.391
6680 8.000 0.014
1689 4.000 0.111
8290 4.000 0.041
1515 3.000 0.049
4378 1.000 0.433
9864 1.000 0.123
2802 1.000 0.392
2165 1.000 0.378
2815 8.000 0.048
4273 2.000 0.215
5091 1.000 0.432
3346 1.000 0.225
3810 6.000 0.047
1034 1.000 0.499
3469 6.000 0.079
5749 8.000 0.049
1925 1.000 0.488
1890 1.000 0.112
3639 1.000 0.397
2180 6.000 0.079
9156 2.000 0.144
1795 2.000 0.031
9039 1.000 0.290
2428 1.000 0.085
9374 1.000 0.023
3123 1.000 0.386
4077 8.000 0.035
9398 2.000 0.017
8828 1.000 0.351
3654 3.000 0.071
7401 3.000 0.127
4145 2.000 0.210
5370 2.000 0.154
1265 3.000 0.030
8855 8.000 0.001
5846 1.000 0.390
148 5.000 0.095
3330 1.000 0.148
9407 1.000 0.319
502 2.000 0.179
9662 2.000 0.135
7194 1.000 0.081
5502 1.000 0.481
6239 9.000 0.010
5766 5.000 0.029
7354 2.000 0.215
6646 2.000 0.003
3919 2.000 0.045
3819 1.000 0.315
5546 2.000 0.057
1241 9.000 0.036
4541 2.000 0.111
9734 8.000 0.051
6420 3.000 0.035
4461 1.000 0.103
6698 1.000 0.484
8200 7.000 0.043
4036 9.000 0.025
261 9.000 0.051
5367 7.000 0.063
4298 7.000 0.051
4330 7.000 0.057
7093 2.000 0.041
8207 1.000 0.234
2600 2.000 0.114
909 2.000 0.183
3887 1.000 0.193
2551 1.000 0.019
1291 9.000 0.046
7216 4.000 0.052
5793 5.000 0.016
8475 1.000 0.144
7854 1.000 0.382
4104 2.000 0.179
3204 4.000 0.025
4795 8.000 0.015
9359 7.000 0.001
8249 9.000 0.004
4623 1.000 0.070
6912 1.000 0.286
9739 1.000 0.352
4922 4.000 0.061
3766 5.000 0.098
8837 4.000 0.115
1323 4.000 0.055
4797 7.000 0.044
428 5.000 0.040
6279 6.000 0.047
7087 5.000 0.088
1813 2.000 0.106
3698 4.000 0.113
7871 8.000 0.014
1710 4.000 0.033
8862 4.000 0.114
7996 9.000 0.011
2328 3.000 0.070
1607 2.000 0.233
1665 2.000 0.009
8109 2.000 0.247
9578 6.000 0.048
5398 1.000 0.489
8655 1.000 0.088
5177 6.000 0.068
1970 1.000 0.009
2124 6.000 0.061
3270 2.000 0.060
6296 1.000 0.247
6233 2.000 0.172
8098 1.000 0.260
2776 1.000 0.485
7997 4.000 0.057
437 1.000 0.033
4967 2.000 0.053
4386 1.000 0.007
2062 2.000 0.076
5143 1.000 0.023
7488 3.000 0.147
4635 1.000 0.191
1093 1.000 0.324
1903 2.000 0.115
5016 3.000 0.023
6173 6.000 0.065
3629 1.000 0.340
4756 6.000 0.058
3466 3.000 0.018
4591 4.000 0.003
3997 2.000 0.230
6851 2.000 0.045
3628 2.000 0.233
8666 3.000 0.084
7298 7.000 0.009
9536 6.000 0.082
5629 5.000 0.045
3266 1.000 0.372
906 1.000 0.085
2050 5.000 0.074
1660 1.000 0.295
1880 1.000 0.416
974 8.000 0.015
7662 8.000 0.022
7880 6.000 0.044
1987 6.000 0.004
5283 1.000 0.060
2557 1.000 0.419
352 1.000 0.443
7868 2.000 0.013
611 1.000 0.179
1793 2.000 0.211
2563 3.000 0.079
1676 2.000 0.180
7998 2.000 0.120
6778 3.000 0.144
5870 1.000 0.489
7224 4.000 0.078
1676 1.000 0.074
5368 1.000 0.009
7355 2.000 0.016
8567 1.000 0.092
3135 1.000 0.181
3366 1.000 0.470
243 1.000 0.404
9605 6.000 0.073
4182 3.000 0.151
6671 1.000 0.099
2175 4.000 0.071
5919 1.000 0.194
2640 1.000 0.414
2468 2.000 0.066
7988 9.000 0.002
4227 5.000 0.020
2228 3.000 0.043
7888 2.000 0.124
3413 1.000 0.423
4419 3.000 0.138
7950 4.000 0.046
6326 7.000 0.047
5881 2.000 0.200
646 2.000 0.040
1531 1.000 0.205
591 8.000 0.028
7454 2.000 0.147
6515 1.000 0.281
8858 3.000 0.088
3848 1.000 0.432
5646 1.000 0.107
1925 1.000 0.443
6721 2.000 0.126
4995 9.000 0.042
7025 5.000 0.010
9809 4.000 0.122
32 1.000 0.122
5110 4.000 0.046
7514 4.000 0.027
3639 1.000 0.125
6660 2.000 0.149
5711 3.000 0.036
1927 3.000 0.024
1762 1.000 0.198
2711 7.000 0.062
1869 8.000 0.040
3110 1.000 0.294
1948 1.000 0.194
4203 3.000 0.026
6034 1.000 0.373
5154 3.000 0.107
552 2.000 0.128
4857 1.000 0.022
4422 8.000 0.032
2331 2.000 0.162
9977 1.000 0.242
4913 4.000 0.064
6691 2.000 0.025
3603 5.000 0.029
4001 9.000 0.052
5183 1.000 0.164
6577 2.000 0.095
7230 2.000 0.177
4921 1.000 0.403
387 1.000 0.073
879 2.000 0.177
888 5.000 0.057
9201 3.000 0.160
3366 7.000 0.062
8452 9.000 0.026
1401 2.000 0.219
2909 2.000 0.105
9400 1.000 0.367
1555 1.000 0.440
7124 7.000 0.009
7666 3.000 0.138
7999 1.000 0.054
7272 4.000 0.025
9886 1.000 0.454
4674 6.000 0.073
3882 2.000 0.108
6472 3.000 0.142
5615 1.000 0.269
6319 1.000 0.315
7212 2.000 0.038
4420 2.000 0.235
1956 3.000 0.064
9703 3.000 0.154
1327 6.000 0.046
2269 1.000 0.229
3930 3.000 0.116
1899 3.000 0.078
6054 6.000 0.071
4311 9.000 0.014
9839 4.000 0.054
1669 3.000 0.025
5034 1.000 0.417
7663 1.000 0.247
5394 1.000 0.055
1116 1.000 0.228
4194 2.000 0.132
5044 3.000 0.114
7387 1.000 0.314
7670 3.000 0.012
5155 1.000 0.129
7137 2.000 0.017
2806 2.000 0.173
4377 1.000 0.014
932 1.000 0.074
6779 1.000 0.214
804 7.000 0.042
84 1.000 0.168
2838 1.000 0.105
8554 5.000 0.048
3851 2.000 0.114
7882 3.000 0.097
3423 9.000 0.051
1685 4.000 0.030
1873 3.000 0.041
4246 7.000 0.058
1759 3.000 0.161
677 4.000 0.031
8164 1.000 0.207
8202 3.000 0.048
191 2.000 0.239
2992 1.000 0.132
6121 2.000 0.164
9141 1.000 0.075
9358 6.000 0.050
7643 8.000 0.011
6736 4.000 0.102
2875 1.000 0.279
1128 5.000 0.030
1811 1.000 0.140
2253 2.000 0.025
9943 2.000 0.069
3232 1.000 0.197
1381 1.000 0.182
7872 2.000 0.117
1830 1.000 0.484
2615 3.000 0.063
3404 1.000 0.399
3433 1.000 0.411
1772 2.000 0.174
3853 2.000 0.132
7553 2.000 0.244
7528 3.000 0.059
4350 3.000 0.024
5919 1.000 0.043
4426 2.000 0.035
4681 2.000 0.021
2962 1.000 0.239
6140 3.000 0.008
4242 9.000 0.028
9354 1.000 0.301
3792 1.000 0.485
9126 1.000 0.433
2064 9.000 0.004
7050 1.000 0.229
2959 9.000 0.053
184 6.000 0.068
5274 4.000 0.028
8875 3.000 0.146
1001 1.000 0.441
1237 9.000 0.013
3369 3.000 0.121
6767 2.000 0.245
2209 9.000 0.040
6729 1.000 0.496
4411 1.000 0.323
4048 3.000 0.045
1853 3.000 0.004
8618 2.000 0.187
160 1.000 0.007
737 3.000 0.087
2309 4.000 0.030
6640 6.000 0.062
6308 1.000 0.391
4334 4.000 0.021
1878 1.000 0.112
7663 1.000 0.007
2000 3.000 0.102
6404 6.000 0.011
6574 1.000 0.391
4729 3.000 0.022
8246 9.000 0.009
9990 1.000 0.454
2234 1.000 0.047
5299 3.000 0.103
4881 2.000 0.124
7886 4.000 0.034
7178 1.000 0.142
295 2.000 0.028
7637 1.000 0.397
715 3.000 0.101
202 1.000 0.390
5922 3.000 0.095
5170 5.000 0.053
624 5.000 0.053
312 6.000 0.079
3985 4.000 0.090
5964 1.000 0.068
8438 2.000 0.128
4288 1.000 0.131
4720 4.000 0.088
8015 9.000 0.044
9074 1.000 0.141
1991 1.000 0.426
9442 2.000 0.004
1553 2.000 0.122
6535 8.000 0.016
885 1.000 0.163
3249 2.000 0.071
6322 3.000 0.152
1590 6.000 0.065
6531 3.000 0.112
2122 3.000 0.128
2531 1.000 0.111
4594 4.000 0.084
2230 1.000 0.342
9878 2.000 0.077
116 2.000 0.161
3746 7.000 0.033
1174 3.000 0.111
3723 4.000 0.109
2606 1.000 0.086
4023 2.000 0.067
3461 1.000 0.190
3337 2.000 0.058
3066 3.000 0.128
3788 1.000 0.067
3631 5.000 0.035
9772 7.000 0.043
9468 3.000 0.030
9892 2.000 0.119
3691 3.000 0.051
4122 4.000 0.122
8594 7.000 0.068
9636 1.000 0.330
6649 4.000 0.063
8560 5.000 0.040
1677 3.000 0.117
5958 1.000 0.013
3395 1.000 0.263
3212 1.000 0.401
8702 2.000 0.128
3634 1.000 0.424
386 4.000 0.055
3547 5.000 0.068
1185 1.000 0.278
4602 1.000 0.158
9902 1.000 0.246
6374 3.000 0.154
5918 1.000 0.200
4847 2.000 0.087
3325 2.000 0.032
4291 5.000 0.081
7233 7.000 0.064
7833 4.000 0.091
-2 -2 -2
