2181 2699
274 2417
2380 4250
321 2814
1338 4812
2455 4162
1808 3293
149 3132
1348 3725
243 2927
540 3655
1175 4522
208 1911
32 1533
2732 2944
2470 4091
3928 4276
378 405
46 2619
2800 3646
3410 3476
540 1171
1204 3976
3698 3835
363 4905
1703 2476
1751 4929
520 1568
1845 3608
694 4182
1131 4471
1315 2823
3933 4512
75 1020
1095 2310
2473 3331
4031 4155
1094 2458
3523 4143
2493 4445
484 1588
689 4659
3736 4997
620 868
2140 3180
1657 3427
1499 3149
2659 2786
1137 4474
783 3753
3806 4813
1936 3721
1596 3126
1967 3721
4576 4716
2215 4225
3674 3695
1271 4823
471 3721
1608 3261
2746 479
283 1691
975 3237
1063 4297
2404 2693
1001 3436
1550 4624
4341 4933
2605 3828
1070 1887
290 2366
1564 3475
609 1347
1131 2098
3213 3693
3733 3908
4113 3092
2182 4385
419 1685
1609 3047
3727 2091
1914 4628
336 977
2089 3128
3976 3996
2616 3792
1955 3020
404 4681
975 4969
345 1228
2399 4085
953 3447
2947 3787
2011 3658
254 3236
549 2309
2575 3079
1510 1772
1137 2600
2482 3660
1018 1319
3417 4719
1415 2168
1088 2588
2504 3609
2199 4362
1009 1873
1516 2377
4014 4756
1093 2280
1360 2239
1147 4414
3728 4278
221 800
1322 1683
2001 4766
808 1654
2068 3422
2870 3749
3058 4214
392 2173
383 1282
2646 2849
1665 4141
3132 4671
3015 4731
2367 2225
2989 3138
2452 4440
3526 1520
3575 4272
1451 2242
797 2178
1891 2735
82 1701
2994 4892
1196 3832
387 2520
2053 3169
3044 4977
348 3359
4669 4778
1989 4171
2397 2562
3879 3888
3769 4377
1138 3703
1401 3643
3 2574
732 1856
2419 4509
3214 3476
466 3049
3238 3410
125 1203
24 2341
976 4991
86 1309
1635 3086
1198 1843
2223 3533
3787 4622
593 1827
2582 3448
239 914
801 3869
4083 4257
1314 3322
741 3465
540 3769
511 1115
422 3790
4052 4058
173 315
530 4399
234 1445
1187 3495
651 2457
1146 4287
2558 3856
319 3615
493 4965
985 4289
2495 3229
1649 3318
894 938
246 1506
179 2970
4529 1432
3249 4355
907 473
240 3329
2827 4039
729 4951
1382 2788
585 2832
218 3839
1734 3327
1987 4663
2373 2901
1965 2685
3654 3826
3496 3952
4470 4765
565 2255
1954 4546
1167 4555
135 3778
860 1835
960 800
1534 4814
1973 4368
126 4194
395 1721
1140 3541
2784 1285
2406 4062
710 4003
3694 4774
452 2471
2515 3999
234 1749
2282 3425
1563 4524
689 2214
755 1394
2329 1626
3941 4156
308 4542
2637 4249
1170 3476
2363 2831
2399 4133
1184 2636
1783 2593
1200 1236
3168 4964
2977 3274
1040 4716
2664 4949
1688 4739
467 903
3050 4965
2612 3313
621 3425
959 4671
1610 1819
1444 2919
2310 4161
2281 2288
264 916
1508 1646
4850 2011
1683 4481
474 3127
3285 4325
394 2486
242 4846
1558 3786
335 443
263 3108
1960 3830
1262 1714
3716 4092
598 3326
1853 2149
1134 3151
3148 4352
2141 3905
214 1093
1789 1998
1614 3709
126 3940
1786 4055
1517 1807
1936 4840
2968 3631
2287 1328
2856 3484
1741 4539
1853 2168
296 1255
1714 2427
2264 4791
369 1991
396 1372
1158 4319
2894 3996
1463 4840
724 3474
772 2558
3154 3798
3864 1340
3424 4875
849 2467
1529 3372
1834 1010
897 4755
956 2537
1062 3665
1095 3485
258 2637
132 1190
3259 3307
706 4815
2079 3195
653 3433
1225 3229
194 1201
1896 4124
582 1764
3783 4888
3563 2146
1218 4169
3241 3625
2918 3031
1474 3010
3016 1788
2305 3868
580 4670
1065 1912
756 1013
3477 4990
1366 4614
2581 3924
3878 4451
65 1850
1760 4202
2816 4783
3086 4366
2477 2643
1358 2331
3096 3750
3765 4944
3766 4773
2889 2890
205 2642
495 4788
290 2681
435 676
3747 4692
828 4938
1478 3014
442 3926
454 1385
1611 2169
184 3201
1975 3987
81 3077
1555 2484
489 4523
1791 2377
165 2009
1310 2957
1693 3183
2225 2675
3188 3390
830 4545
1065 4283
1706 4667
3355 4240
3546 4023
717 1844
118 4116
1871 2236
905 2501
171 3323
3601 4096
437 4743
135 570
2170 4577
1776 1844
928 2793
644 2446
2666 3696
2045 3759
4313 4559
520 3346
3670 3691
1848 2783
594 1136
1529 4706
786 825
1181 2293
2296 3632
357 2564
2670 2947
1665 2584
462 2127
1770 4357
130 1860
2667 3137
178 1734
1416 3266
1412 2310
1598 4400
3722 3781
4178 4185
1091 4982
630 3456
2757 2990
899 1594
979 1297
3656 4340
4420 2736
1215 2059
144 798
1148 2171
3520 4835
2476 4995
284 4005
4282 4617
3843 4868
3188 2363
2111 3428
3136 4553
147 1843
356 2527
807 4022
2800 4438
1031 1433
382 4837
673 4232
1147 3011
2776 4187
2489 17
265 911
2179 4503
24 3249
2189 2475
320 336
450 3468
1200 2840
47 418
993 1687
948 1921
2329 2690
4310 4486
71 294
1622 3316
3330 3971
1819 2046
1663 3734
1891 3375
945 1269
1132 2490
1967 3108
236 3553
2237 1602
2774 3967
271 875
1078 3709
200 752
2020 4570
249 4239
1049 2798
1161 3399
1401 1519
1958 3890
1406 4950
2435 2949
3750 4850
1983 3655
160 1669
1419 4584
3508 4695
2788 4582
2404 3754
452 3950
1173 4290
1686 3394
3134 4264
1373 1775
3932 2115
1528 291
700 856
1538 2797
1983 4665
1724 3683
2618 2703
1593 2791
1462 3289
3069 4108
2382 3666
325 2074
1377 2220
3194 4039
1056 3117
4022 1973
4593 4760
844 4418
977 2728
412 4386
1588 4081
611 3330
2084 4297
1451 3508
4029 123
1177 3855
2261 4615
4391 2312
1446 1465
1795 3362
679 3859
2452 2866
1103 4065
1940 3313
742 1443
245 3858
2528 4345
3844 4849
3170 154
1761 4365
1736 4964
2358 3955
3838 4315
217 4682
2371 2815
1374 2279
1456 1584
4023 4338
3442 3567
12 313
367 1020
537 1423
954 2072
2225 3215
2449 4711
3173 4278
1690 1765
3654 4216
14 432
3461 3913
770 4719
1200 2094
2716 3537
2727 3674
902 2093
3736 3858
1137 2767
4058 488
4345 4457
3452 3848
3097 4534
2675 2760
1381 2250
1293 1446
2218 2774
4842 4906
223 2261
3219 4142
413 3748
1685 1853
2799 4503
4329 4709
2560 4478
2730 3821
643 1736
586 4135
285 4244
2056 4679
2143 3309
355 2140
10 3832
175 2850
1340 1642
815 3060
2026 2758
3006 3367
63 2153
3086 3778
1786 3068
448 3227
3075 4322
2228 2588
2420 4834
2969 4479
334 1468
434 4317
1419 3567
1285 3010
1195 4434
1792 4705
2968 3912
2597 4222
629 3376
4496 4730
2156 4399
2577 4713
3030 3958
1446 3958
2774 4991
531 1731
1677 4825
2082 4831
552 2690
2774 3850
2393 3541
1462 2327
2017 3195
1356 4634
1526 4969
2765 3767
813 3299
90 397
2489 2726
89 3275
1161 4073
2462 3177
90 2880
183 812
4811 3182
1273 3736
25 1431
1622 3744
2294 3119
1169 2239
1816 4816
2258 2587
1803 3231
532 1035
817 3395
4250 2918
375 4310
1586 2971
1256 2679
4275 4330
3018 4371
222 1626
653 3156
3455 4039
1523 4817
1838 2143
2260 4742
510 4100
1542 4335
2223 3384
1514 3528
51 361
488 548
1898 2749
1818 3831
1028 3187
346 2669
1105 1640
975 2664
2083 4399
321 327
4435 1100
176 4754
3367 4009
655 793
38 1656
419 3830
430 1817
757 2240
2489 4431
2830 4548
3977 4981
3941 4117
957 3400
615 3546
3451 4626
3017 3778
1884 2555
471 2305
92 4856
1279 4116
3581 4467
1971 2933
1791 3408
1239 3492
415 1807
1900 2622
4295 4927
2196 2981
1804 2576
1133 3122
222 2747
2600 4427
3417 4430
467 2995
605 3139
3629 4769
2950 2564
2734 3931
2154 2549
3288 4201
889 4128
64 962
430 4310
2035 4464
433 4082
1241 2834
1747 4169
4234 4409
562 3362
1709 4083
1361 3582
354 2076
2 225
790 1847
2292 4627
809 1919
819 3097
1948 3802
261 808
867 2538
460 4188
1835 3992
9 3619
1044 2100
2840 4644
19 805
237 635
3172 3903
3051 4504
493 3207
2832 3094
326 1700
2714 3180
180 3484
367 4938
2757 3844
4027 4040
2087 2326
139 565
3271 4988
541 4671
2438 2419
255 3042
2961 4231
3221 3263
626 3650
489 1848
186 4579
150 991
93 674
384 4064
1933 4753
2931 3759
253 516
3115 4640
2053 2263
1734 4791
587 4225
1189 1970
2022 4262
1546 2349
1016 1325
1664 3771
4307 1173
3782 4226
1710 4965
826 2995
264 4658
662 1257
2388 4534
3758 4772
4773 110
289 677
182 304
2350 2857
562 2095
60 1752
171 2359
3353 3854
2052 4335
3655 4730
242 2781
846 4391
2919 3663
3075 3365
6 648
2025 1491
2651 3291
1865 2933
420 2665
3361 4901
2133 4782
2753 4621
1116 4341
3960 4482
703 746
848 932
774 1276
751 846
1183 3056
149 157
1299 4208
165 4533
103 2039
50 4355
2504 4970
1050 4580
1530 2129
3402 4832
1254 4564
1030 1675
3467 4797
2061 3390
1729 3019
2138 4472
4183 4760
1637 2703
3022 4996
3003 3013
849 4599
2130 2804
3157 3973
1376 1941
2794 3833
1497 3323
1713 3240
291 1290
3332 4933
3085 4725
64 1671
698 1618
2949 3944
2469 3295
2037 2360
2161 4965
698 3712
1287 4873
1891 3634
1182 1898
1907 4458
564 2073
131 4574
2653 4400
357 578
1654 3023
2268 3004
1799 4203
1686 1961
1867 4442
4319 4648
1248 3250
1296 3687
2562 3397
4174 4461
489 4281
157 4216
28 1955
2065 2310
685 933
692 1504
1990 2092
3661 4897
757 2051
3934 4462
1474 4977
2429 4864
68 69
1736 4870
2602 2792
2891 3154
2734 3257
3022 3089
1362 1367
1325 2794
540 4397
2855 3223
1978 2248
3194 3202
1288 4770
981 3184
1171 4857
2904 3978
522 2347
339 3185
1003 3772
2297 2566
3289 3363
3653 3697
3319 4951
2063 3288
412 2038
1869 4132
3497 1041
1108 3820
167 4372
3930 4686
302 770
3054 3129
98 878
3432 1615
2057 4945
2310 4408
2950 4569
1112 2369
540 4549
401 3131
1817 4498
263 3496
1967 4587
3396 3927
204 388
618 1623
819 1660
1259 4982
4322 4936
2762 4011
3580 4205
382 2446
2061 2679
2057 4835
2222 2573
4244 3705
671 3364
218 3544
2255 2649
3048 3817
380 3876
1476 4544
1722 3077
1608 4258
3073 4706
151 4170
640 1145
1532 4486
505 4002
696 930
927 2942
204 3529
971 4109
1651 4636
596 1902
320 4709
422 4016
4745 662
1061 3638
1039 4078
2585 4059
2880 3849
1362 1948
595 843
2808 4002
4147 3162
2972 3535
513 556
1060 4911
1607 2121
714 2531
6 3818
2445 2516
2078 4101
2435 3658
1329 4607
808 4882
3056 4803
1704 3345
554 1144
724 1961
3053 4615
571 4313
1142 2722
1566 2242
385 1630
704 749
583 2205
1282 1820
1538 3603
1256 3402
120 3753
961 2737
4179 4018
899 4460
3393 4841
3212 4305
2957 3697
1002 1908
3497 3518
529 2729
2072 3503
1921 3482
3340 3373
143 4485
2529 4370
2437 2949
2069 3410
1887 2507
4697 3631
1475 2200
687 3079
988 4323
2307 4358
4336 4747
3145 4316
309 4924
1893 4410
3058 2929
164 3791
479 3307
754 2355
225 1294
925 3639
711 1899
1164 3422
