2181 2699
274 2417
2380 4250
321 2814
1338 4812
2455 4162
1808 3293
149 3132
1348 3725
243 2927
540 3655
1175 4522
208 1911
32 1533
2732 2944
2470 4091
3928 4276
378 405
46 2619
2800 3646
3410 3476
540 1171
1204 3976
3698 3835
363 4905
1703 2476
1751 4929
520 1568
1845 3608
694 4182
1131 4471
1315 2823
3933 4512
75 1020
1095 2310
2473 3331
4031 4155
1094 2458
3523 4143
2493 4445
484 1588
689 4659
3736 4997
620 868
2140 3180
1657 3427
1499 3149
2659 2786
1137 4474
783 3753
3806 4813
1936 3721
1596 3126
1967 3721
4576 4716
2215 4225
3674 3695
1271 4823
471 3721
1608 3261
2746 479
283 1691
975 3237
1063 4297
2404 2693
1001 3436
1550 4624
4341 4933
2605 3828
1070 1887
290 2366
1564 3475
609 1347
1131 2098
3213 3693
3733 3908
4113 3092
2182 4385
419 1685
1609 3047
3727 2091
1914 4628
336 977
2089 3128
3976 3996
2616 3792
1955 3020
404 4681
975 4969
345 1228
2399 4085
953 3447
2947 3787
2011 3658
254 3236
549 2309
2575 3079
1510 1772
1137 2600
2482 3660
