1 3
30 39 22 1
6 7
16 22 11 13 29 43 47 41 28 13 23 26 30
6 3
3 26 17 33 28 28 1 10 10
8 9
24 46 26 19 43 3 17 10 33 20 35 7 9 40 1 9 28
9 4
44 42 30 34 11 48 12 38 14 33 40 8 1
5 8
16 10 19 15 13 35 30 24 27 14 46 11 19
6 2
7 24 25 49 1 22 50 32
5 2
10 48 35 9 16 41 47
4 2
47 12 12 24 8 27
10 11
23 16 22 18 28 43 31 50 36 16 37 1 9 36 50 37 1 18 23 38 11
12 9
43 44 1 5 39 41 1 39 46 33 11 42 25 25 19 35 26 12 42 13 48
4 12
2 42 22 43 7 17 2 11 21 3 19 4 22 15 15 5
14 15
31 31 10 39 1 33 43 36 32 26 28 40 38 32 13 26 2 12 20 5 9 24 18 7 40 38 30 30 48
11 6
43 9 6 15 47 40 2 18 2 46 35 10 18 12 20 36 35
7 14
50 40 35 29 23 19 12 29 12 22 8 50 21 38 11 46 42 48 21 37 21
5 2
3 38 16 42 1 38 37
6 14
49 15 47 27 17 41 24 28 5 30 36 48 9 36 26 13 9 26 17 33
6 2
24 11 29 43 24 30 47 47
3 15
37 27 43 25 12 35 9 21 8 50 1 42 34 33 16 45 37 14
47 41
6 15 46 31 1 25 13 38 42 9 46 36 11 50 27 24 16 22 32 35 25 20 28 1 31 48 28 32 43 12 6 6 3 26 2 44 9 26 11 3 26 4 40 44 18 46 7 11 26 15 14 5 4 5 2 33 3 42 4 30 15 8 1 44 17 27 14 27 43 18 32 40 36 6 20 15 4 17 37 17 50 40 6 50 5 6 3 4
