43.650 54.010 1.370
48.360 59.900 11.900
85.030 6.450 3.140
56.310 15.510 6.020
26.780 39.920 6.140
83.270 39.860 4.520
65.880 3.000 0.980
41.360 26.990 9.320
58.560 4.890 1.830
73.120 10.820 2.660
23.520 90.460 0.520
38.240 0.660 0.120
21.120 54.670 7.360
7.350 49.420 2.560
10.910 85.550 4.910
8.130 7.590 2.580
52.410 0.950 0.090
72.940 56.030 17.110
69.540 68.220 19.540
10.830 23.440 0.330
79.540 24.110 9.590
73.990 76.730 24.940
98.130 7.290 1.510
34.090 49.540 9.220
35.040 98.610 11.680
10.430 31.390 2.370
72.180 36.930 15.950
83.670 13.900 1.440
22.640 89.450 0.250
56.490 26.330 9.930
78.690 90.260 3.770
20.430 1.520 0.560
46.220 21.920 9.910
66.640 49.490 20.780
80.640 56.270 26.670
21.900 49.180 8.610
82.890 70.490 9.580
49.890 88.930 2.420
31.790 40.910 1.730
93.210 22.790 9.340
17.890 17.390 0.780
89.600 42.820 15.900
33.170 68.560 3.680
30.000 63.010 6.650
55.740 3.680 0.360
89.510 45.680 18.770
15.680 80.830 4.760
96.280 55.170 9.680
74.440 71.510 15.630
31.950 39.360 9.310
29.390 91.550 11.790
3.500 44.320 1.330
94.010 73.510 30.270
73.930 25.450 12.060
33.150 9.450 2.330
29.440 65.240 4.020
54.940 9.600 4.560
0.650 5.690 0.070
87.700 19.530 4.050
21.280 85.960 6.740
48.110 92.240 17.180
20.050 92.510 7.740
31.020 50.110 12.990
98.680 86.850 38.280
52.130 99.710 5.350
37.760 86.990 0.730
47.340 54.950 17.380
31.310 12.200 1.690
41.840 22.640 5.250
5.350 64.290 2.310
47.980 78.190 18.670
18.010 82.290 3.870
0.570 43.670 0.180
10.590 8.400 3.800
33.720 55.190 4.030
60.960 91.480 18.640
41.850 1.420 0.300
84.150 6.740 0.620
95.170 41.800 15.640
63.480 79.950 19.880
33.560 52.340 9.480
63.400 39.130 14.360
60.420 73.870 23.410
8.110 18.450 0.610
99.400 6.930 0.770
7.960 48.000 3.720
81.730 78.230 4.770
68.960 3.120 1.190
58.960 40.250 18.710
73.180 5.110 1.020
59.660 46.200 2.750
48.960 61.610 12.880
46.320 35.460 16.050
30.220 65.250 2.850
52.020 56.720 18.300
49.670 44.230 5.090
26.400 5.150 2.140
94.400 30.910 15.430
28.320 43.390 6.470
21.790 89.340 6.260
72.200 55.270 21.810
44.000 13.750 2.350
20.200 40.920 1.900
47.560 12.530 5.950
80.310 22.220 2.740
45.630 84.980 11.200
27.230 63.700 2.870
88.310 70.000 18.640
85.590 22.670 2.000
4.450 27.960 2.070
26.460 33.690 5.820
40.040 95.350 14.560
16.190 33.110 5.900
41.390 68.460 11.960
57.430 75.010 27.430
84.300 61.180 28.920
7.860 43.480 3.240
25.670 7.680 1.960
57.010 52.940 8.330
82.850 42.710 15.660
90.770 94.650 30.150
28.220 47.360 5.570
4.270 59.800 0.990
59.960 49.060 22.200
29.710 70.550 3.800
5.260 71.520 1.410
29.040 98.020 2.000
43.590 82.170 9.460
54.730 98.550 0.410
34.040 74.100 13.510
59.900 97.860 26.280
76.660 23.940 6.130
50.420 7.760 2.640
63.410 41.080 15.220
12.670 6.980 2.100
9.050 93.400 3.800
95.590 80.690 9.950
83.440 72.540 12.810
47.970 23.890 9.720
77.600 97.680 32.010
75.400 87.560 20.660
74.080 22.780 2.560
72.880 28.040 1.230
51.500 0.080 0.030
37.150 14.670 0.640
90.200 48.400 16.070
69.540 54.930 15.250
9.340 87.740 2.030
68.230 46.810 6.020
2.520 77.110 0.370
0.510 15.110 0.200
19.540 47.690 7.580
26.200 1.750 0.750
32.720 61.750 7.330
36.880 23.980 4.110
44.490 70.680 18.170
75.760 92.460 14.250
11.880 36.570 3.780
68.980 51.660 1.200
18.300 90.100 1.010
77.400 8.360 4.100
81.680 85.160 26.510
26.310 66.470 2.320
14.850 69.320 6.000
10.820 75.410 1.400
10.250 35.110 2.370
8.460 93.430 2.540
81.190 28.160 0.790
3.480 20.260 1.380
10.630 63.520 0.300
28.920 87.630 2.970
69.920 7.080 1.540
13.040 30.260 1.440
85.760 8.790 1.600
77.140 68.880 27.960
72.320 6.410 2.580
9.880 99.330 1.840
19.730 85.810 6.400
49.930 64.610 18.230
33.010 66.380 14.600
18.780 17.900 2.280
4.940 30.150 1.060
59.430 3.600 1.040
90.610 28.670 0.420
87.130 65.010 7.640
18.160 9.480 0.160
4.820 66.610 0.840
56.570 80.810 14.670
99.050 14.600 0.940
27.660 55.790 9.070
11.730 56.670 5.150
4.380 76.810 0.480
34.700 66.560 16.730
39.770 93.280 14.640
58.040 47.490 13.430
39.320 72.250 9.140
76.540 59.480 25.260
69.950 79.070 26.400
95.320 89.430 26.420
45.130 11.330 0.730
