100
9 25
1 12
6 11
9 11
2 25
11 21
2 5
5 9
17 23
4 9
13 24
1 24
5 14
6 27
15 26
12 24
1 2
2 4
5 22
1 19
8 23
1 22
6 21
5 29
6 12
2 3
3 17
16 18
2 21
2 3
1 2
15 16
7 12
14 22
27 28
8 15
21 26
1 4
2 3
4 6
15 22
10 16
23 29
2 21
4 11
8 11
7 22
20 29
3 20
2 8
22 28
4 16
17 26
1 4
5 24
18 27
1 2
4 7
3 17
1 5
5 15
4 6
14 29
9 11
11 17
5 22
7 11
14 18
5 9
2 19
7 8
8 28
3 4
5 6
15 16
1 5
3 4
7 10
7 25
3 15
4 7
11 26
1 12
5 24
9 19
15 23
4 5
10 16
4 12
14 16
7 15
6 8
8 9
5 7
1 20
9 10
15 20
15 25
5 26
19 27
